--------------------
Cycle 1:	64		LW R5, 144(R0)

Registers
R00:	0	0	0	0	0	-1	0	0
R08:	0	0	0	0	0	0	0	0
R16:	0	0	0	0	0	0	0	0
R24:	0	0	0	0	0	0	0	0

Data
144:	-1	-2	-7	2	5	8	-4	10
176:	7	9	1	0	-1	1	-1	0
--------------------
Cycle 2:	68		ADDI R0, R1, #160

Registers
R00:	160	0	0	0	0	-1	0	0
R08:	0	0	0	0	0	0	0	0
R16:	0	0	0	0	0	0	0	0
R24:	0	0	0	0	0	0	0	0

Data
144:	-1	-2	-7	2	5	8	-4	10
176:	7	9	1	0	-1	1	-1	0
--------------------
Cycle 3:	72		SUBI R1, R0, #271

Registers
R00:	160	-111	0	0	0	-1	0	0
R08:	0	0	0	0	0	0	0	0
R16:	0	0	0	0	0	0	0	0
R24:	0	0	0	0	0	0	0	0

Data
144:	-1	-2	-7	2	5	8	-4	10
176:	7	9	1	0	-1	1	-1	0
--------------------
Cycle 4:	76		SRL R2, R0, #2

Registers
R00:	160	-111	40	0	0	-1	0	0
R08:	0	0	0	0	0	0	0	0
R16:	0	0	0	0	0	0	0	0
R24:	0	0	0	0	0	0	0	0

Data
144:	-1	-2	-7	2	5	8	-4	10
176:	7	9	1	0	-1	1	-1	0
--------------------
Cycle 5:	80		SRA R3, R1, #3

Registers
R00:	160	-111	40	-14	0	-1	0	0
R08:	0	0	0	0	0	0	0	0
R16:	0	0	0	0	0	0	0	0
R24:	0	0	0	0	0	0	0	0

Data
144:	-1	-2	-7	2	5	8	-4	10
176:	7	9	1	0	-1	1	-1	0
--------------------
Cycle 6:	84		MUL R4, R2, R5

Registers
R00:	160	-111	40	-14	-40	-1	0	0
R08:	0	0	0	0	0	0	0	0
R16:	0	0	0	0	0	0	0	0
R24:	0	0	0	0	0	0	0	0

Data
144:	-1	-2	-7	2	5	8	-4	10
176:	7	9	1	0	-1	1	-1	0
--------------------
Cycle 7:	88		LW R5, 0(R0)

Registers
R00:	160	-111	40	-14	-40	5	0	0
R08:	0	0	0	0	0	0	0	0
R16:	0	0	0	0	0	0	0	0
R24:	0	0	0	0	0	0	0	0

Data
144:	-1	-2	-7	2	5	8	-4	10
176:	7	9	1	0	-1	1	-1	0
--------------------
Cycle 8:	92		ADDI R5, R5, #-1

Registers
R00:	160	-111	40	-14	-40	4	0	0
R08:	0	0	0	0	0	0	0	0
R16:	0	0	0	0	0	0	0	0
R24:	0	0	0	0	0	0	0	0

Data
144:	-1	-2	-7	2	5	8	-4	10
176:	7	9	1	0	-1	1	-1	0
--------------------
Cycle 9:	96		NOP

Registers
R00:	160	-111	40	-14	-40	4	0	0
R08:	0	0	0	0	0	0	0	0
R16:	0	0	0	0	0	0	0	0
R24:	0	0	0	0	0	0	0	0

Data
144:	-1	-2	-7	2	5	8	-4	10
176:	7	9	1	0	-1	1	-1	0
--------------------
Cycle 10:	100		BGTZ R5, #-3

Registers
R00:	160	-111	40	-14	-40	4	0	0
R08:	0	0	0	0	0	0	0	0
R16:	0	0	0	0	0	0	0	0
R24:	0	0	0	0	0	0	0	0

Data
144:	-1	-2	-7	2	5	8	-4	10
176:	7	9	1	0	-1	1	-1	0
--------------------
Cycle 11:	92		ADDI R5, R5, #-1

Registers
R00:	160	-111	40	-14	-40	3	0	0
R08:	0	0	0	0	0	0	0	0
R16:	0	0	0	0	0	0	0	0
R24:	0	0	0	0	0	0	0	0

Data
144:	-1	-2	-7	2	5	8	-4	10
176:	7	9	1	0	-1	1	-1	0
--------------------
Cycle 12:	96		NOP

Registers
R00:	160	-111	40	-14	-40	3	0	0
R08:	0	0	0	0	0	0	0	0
R16:	0	0	0	0	0	0	0	0
R24:	0	0	0	0	0	0	0	0

Data
144:	-1	-2	-7	2	5	8	-4	10
176:	7	9	1	0	-1	1	-1	0
--------------------
Cycle 13:	100		BGTZ R5, #-3

Registers
R00:	160	-111	40	-14	-40	3	0	0
R08:	0	0	0	0	0	0	0	0
R16:	0	0	0	0	0	0	0	0
R24:	0	0	0	0	0	0	0	0

Data
144:	-1	-2	-7	2	5	8	-4	10
176:	7	9	1	0	-1	1	-1	0
--------------------
Cycle 14:	92		ADDI R5, R5, #-1

Registers
R00:	160	-111	40	-14	-40	2	0	0
R08:	0	0	0	0	0	0	0	0
R16:	0	0	0	0	0	0	0	0
R24:	0	0	0	0	0	0	0	0

Data
144:	-1	-2	-7	2	5	8	-4	10
176:	7	9	1	0	-1	1	-1	0
--------------------
Cycle 15:	96		NOP

Registers
R00:	160	-111	40	-14	-40	2	0	0
R08:	0	0	0	0	0	0	0	0
R16:	0	0	0	0	0	0	0	0
R24:	0	0	0	0	0	0	0	0

Data
144:	-1	-2	-7	2	5	8	-4	10
176:	7	9	1	0	-1	1	-1	0
--------------------
Cycle 16:	100		BGTZ R5, #-3

Registers
R00:	160	-111	40	-14	-40	2	0	0
R08:	0	0	0	0	0	0	0	0
R16:	0	0	0	0	0	0	0	0
R24:	0	0	0	0	0	0	0	0

Data
144:	-1	-2	-7	2	5	8	-4	10
176:	7	9	1	0	-1	1	-1	0
--------------------
Cycle 17:	92		ADDI R5, R5, #-1

Registers
R00:	160	-111	40	-14	-40	1	0	0
R08:	0	0	0	0	0	0	0	0
R16:	0	0	0	0	0	0	0	0
R24:	0	0	0	0	0	0	0	0

Data
144:	-1	-2	-7	2	5	8	-4	10
176:	7	9	1	0	-1	1	-1	0
--------------------
Cycle 18:	96		NOP

Registers
R00:	160	-111	40	-14	-40	1	0	0
R08:	0	0	0	0	0	0	0	0
R16:	0	0	0	0	0	0	0	0
R24:	0	0	0	0	0	0	0	0

Data
144:	-1	-2	-7	2	5	8	-4	10
176:	7	9	1	0	-1	1	-1	0
--------------------
Cycle 19:	100		BGTZ R5, #-3

Registers
R00:	160	-111	40	-14	-40	1	0	0
R08:	0	0	0	0	0	0	0	0
R16:	0	0	0	0	0	0	0	0
R24:	0	0	0	0	0	0	0	0

Data
144:	-1	-2	-7	2	5	8	-4	10
176:	7	9	1	0	-1	1	-1	0
--------------------
Cycle 20:	92		ADDI R5, R5, #-1

Registers
R00:	160	-111	40	-14	-40	0	0	0
R08:	0	0	0	0	0	0	0	0
R16:	0	0	0	0	0	0	0	0
R24:	0	0	0	0	0	0	0	0

Data
144:	-1	-2	-7	2	5	8	-4	10
176:	7	9	1	0	-1	1	-1	0
--------------------
Cycle 21:	96		NOP

Registers
R00:	160	-111	40	-14	-40	0	0	0
R08:	0	0	0	0	0	0	0	0
R16:	0	0	0	0	0	0	0	0
R24:	0	0	0	0	0	0	0	0

Data
144:	-1	-2	-7	2	5	8	-4	10
176:	7	9	1	0	-1	1	-1	0
--------------------
Cycle 22:	100		BGTZ R5, #-3

Registers
R00:	160	-111	40	-14	-40	0	0	0
R08:	0	0	0	0	0	0	0	0
R16:	0	0	0	0	0	0	0	0
R24:	0	0	0	0	0	0	0	0

Data
144:	-1	-2	-7	2	5	8	-4	10
176:	7	9	1	0	-1	1	-1	0
--------------------
Cycle 23:	104		LW R5, -4(R0)

Registers
R00:	160	-111	40	-14	-40	2	0	0
R08:	0	0	0	0	0	0	0	0
R16:	0	0	0	0	0	0	0	0
R24:	0	0	0	0	0	0	0	0

Data
144:	-1	-2	-7	2	5	8	-4	10
176:	7	9	1	0	-1	1	-1	0
--------------------
Cycle 24:	108		LW R6, 4(R0)

Registers
R00:	160	-111	40	-14	-40	2	8	0
R08:	0	0	0	0	0	0	0	0
R16:	0	0	0	0	0	0	0	0
R24:	0	0	0	0	0	0	0	0

Data
144:	-1	-2	-7	2	5	8	-4	10
176:	7	9	1	0	-1	1	-1	0
--------------------
Cycle 25:	112		BEQ R5, R6, #3

Registers
R00:	160	-111	40	-14	-40	2	8	0
R08:	0	0	0	0	0	0	0	0
R16:	0	0	0	0	0	0	0	0
R24:	0	0	0	0	0	0	0	0

Data
144:	-1	-2	-7	2	5	8	-4	10
176:	7	9	1	0	-1	1	-1	0
--------------------
Cycle 26:	116		SLL R5, R5, #1

Registers
R00:	160	-111	40	-14	-40	4	8	0
R08:	0	0	0	0	0	0	0	0
R16:	0	0	0	0	0	0	0	0
R24:	0	0	0	0	0	0	0	0

Data
144:	-1	-2	-7	2	5	8	-4	10
176:	7	9	1	0	-1	1	-1	0
--------------------
Cycle 27:	120		NOP

Registers
R00:	160	-111	40	-14	-40	4	8	0
R08:	0	0	0	0	0	0	0	0
R16:	0	0	0	0	0	0	0	0
R24:	0	0	0	0	0	0	0	0

Data
144:	-1	-2	-7	2	5	8	-4	10
176:	7	9	1	0	-1	1	-1	0
--------------------
Cycle 28:	124		J #112

Registers
R00:	160	-111	40	-14	-40	4	8	0
R08:	0	0	0	0	0	0	0	0
R16:	0	0	0	0	0	0	0	0
R24:	0	0	0	0	0	0	0	0

Data
144:	-1	-2	-7	2	5	8	-4	10
176:	7	9	1	0	-1	1	-1	0
--------------------
Cycle 29:	112		BEQ R5, R6, #3

Registers
R00:	160	-111	40	-14	-40	4	8	0
R08:	0	0	0	0	0	0	0	0
R16:	0	0	0	0	0	0	0	0
R24:	0	0	0	0	0	0	0	0

Data
144:	-1	-2	-7	2	5	8	-4	10
176:	7	9	1	0	-1	1	-1	0
--------------------
Cycle 30:	116		SLL R5, R5, #1

Registers
R00:	160	-111	40	-14	-40	8	8	0
R08:	0	0	0	0	0	0	0	0
R16:	0	0	0	0	0	0	0	0
R24:	0	0	0	0	0	0	0	0

Data
144:	-1	-2	-7	2	5	8	-4	10
176:	7	9	1	0	-1	1	-1	0
--------------------
Cycle 31:	120		NOP

Registers
R00:	160	-111	40	-14	-40	8	8	0
R08:	0	0	0	0	0	0	0	0
R16:	0	0	0	0	0	0	0	0
R24:	0	0	0	0	0	0	0	0

Data
144:	-1	-2	-7	2	5	8	-4	10
176:	7	9	1	0	-1	1	-1	0
--------------------
Cycle 32:	124		J #112

Registers
R00:	160	-111	40	-14	-40	8	8	0
R08:	0	0	0	0	0	0	0	0
R16:	0	0	0	0	0	0	0	0
R24:	0	0	0	0	0	0	0	0

Data
144:	-1	-2	-7	2	5	8	-4	10
176:	7	9	1	0	-1	1	-1	0
--------------------
Cycle 33:	112		BEQ R5, R6, #3

Registers
R00:	160	-111	40	-14	-40	8	8	0
R08:	0	0	0	0	0	0	0	0
R16:	0	0	0	0	0	0	0	0
R24:	0	0	0	0	0	0	0	0

Data
144:	-1	-2	-7	2	5	8	-4	10
176:	7	9	1	0	-1	1	-1	0
--------------------
Cycle 34:	128		LW R1, 112(R2)

Registers
R00:	160	-7	40	-14	-40	8	8	0
R08:	0	0	0	0	0	0	0	0
R16:	0	0	0	0	0	0	0	0
R24:	0	0	0	0	0	0	0	0

Data
144:	-1	-2	-7	2	5	8	-4	10
176:	7	9	1	0	-1	1	-1	0
--------------------
Cycle 35:	132		XORI R0, R1, #43314

Registers
R00:	-43317	-7	40	-14	-40	8	8	0
R08:	0	0	0	0	0	0	0	0
R16:	0	0	0	0	0	0	0	0
R24:	0	0	0	0	0	0	0	0

Data
144:	-1	-2	-7	2	5	8	-4	10
176:	7	9	1	0	-1	1	-1	0
--------------------
Cycle 36:	136		SW R0, 116(R2)

Registers
R00:	-43317	-7	40	-14	-40	8	8	0
R08:	0	0	0	0	0	0	0	0
R16:	0	0	0	0	0	0	0	0
R24:	0	0	0	0	0	0	0	0

Data
144:	-1	-2	-7	-43317	5	8	-4	10
176:	7	9	1	0	-1	1	-1	0
--------------------
Cycle 37:	140		BREAK

Registers
R00:	-43317	-7	40	-14	-40	8	8	0
R08:	0	0	0	0	0	0	0	0
R16:	0	0	0	0	0	0	0	0
R24:	0	0	0	0	0	0	0	0

Data
144:	-1	-2	-7	-43317	5	8	-4	10
176:	7	9	1	0	-1	1	-1	0
